ANIO,MES,CONGLOMERADO,MUESTRA,SELVIV,HOGAR,C201,REGION,ESTRATO,LLAVE_PANEL,C203,C204,C205,C206,C207,C208,C300n,NROINF,C301_DIA,C301_MES,C301_ANIO,C303,C304,C305,C306_1,C306_2,C306_3,C306_4,C306_5,C306_6,C306_7,C306_8,C306_9,C306_10,C306_10A,C306_11,C308_COD,C309_COD,C310,C311,C317,C317A,C318_1,C318_2,C318_3,C318_4,C318_5,C318_6,C318_7,whoraT,C330,C331,P209H,C335,C338,C339_1,C341_T,C342,C344,C345_1,C348,C347_T,C350,C352,C353,C354,C355,C356,C357_I,C358,C359,SEGURO1,C366,C366_1,C366_2,C375_1,C375_2,C375_3,C375_4,C375_5,C375_6,C376,C377,OCUP300,I339_1,D341_T,I342,D344,I345_1,I348,D347_T,D350,INGTOT,INGTOTP,RESIDENT,fa_mjj23
2023,05,1725903,1,0031,1,1,1,1,20220217259031003111,1,1,2, ,2,47,1,1,10,2,1976,2,2,2,2,1,2,2,2,2,2,2,2,2,2,2,9112,9499,3,5,2,50,0,0,4,0,0,0,0,4,1, ,2,2,2,12, , , , , , , , , , , , , , ,1,5,5,4, ,2,2,2,2,2,2,10,7,1,52, , , , , , , ,52,52,1,475.058148004583
2023,05,1725903,1,0031,1,2,1,1,20220217259031003113,3,1,2, ,1,20,2,2,29,9,2002,2,2,2,2,2,2,2,2,2,2,2,2,2,2,2, , , , , , , , , , , , , , , , , , , , , , , , , , , ,2,4,2, , , , ,1,5,10,1, ,2,2,2,2,2,2,10,7,4, , , , , , , , , , ,1,595.53016347679
2023,05,1725903,1,0031,1,3,1,1,20220217259031003114,3,1,2, ,2,16,3,3,13,10,2006,2,2,2,2,2,2,2,2,2,2,2,2,2,2,2, , , , , , , , , , , , , , , , , , , , , , , , , , , ,2,4,2, , , , ,1,5,5,4, ,2,2,2,2,2,2,10,7,4, , , , , , , , , , ,1,671.768239249073
2023,05,1725903,1,0031,1,4,1,1,20220217259031003115,3,1,2, ,1,12, , , , , , , , , , , , , , , , , , , , , , , , , , , , , , , , , , , , , , , , , , , , , , , , , , , , , , , , , , , , , , , , , , , , , , , , , , , , , , ,1, 
2023,05,1725903,1,0031,1,5,1,1,20220217259031003116,3,1,2, ,1,8, , , , , , , , , , , , , , , , , , , , , , , , , , , , , , , , , , , , , , , , , , , , , , , , , , , , , , , , , , , , , , , , , , , , , , , , , , , , , , ,1, 
2023,05,1725903,1,0032,1,1,1,1,20220217259031003211,1,1,2, ,1,55,1,99, , , , , , , , , , , , , , , , , , , , , , , , , , , , , , , , , , , , , , , , , , , , , , , , , , , , , , , , , , , , , , , , , , , , , , , , , , , , ,1,530.413752052886
2023,05,1725903,1,0032,1,2,1,1,20220217259031003212,2,1,2, ,2,50,2,2,1,5,1973,2,2,2,2,2,2,2,2,2,2,2,2,2,2,2, , , , , , , , , , , , , , , , , , , , , , , , , , , ,2,5,2, , , , ,1,5,4, ,6,2,2,2,2,2,2,10,7,4, , , , , , , , , , ,1,475.058148004583
2023,05,1725903,1,0032,1,3,1,1,20220217259031003213,3,1,2, ,2,29,3,99, , , , , , , , , , , , , , , , , , , , , , , , , , , , , , , , , , , , , , , , , , , , , , , , , , , , , , , , , , , , , , , , , , , , , , , , , , , , ,1,611.411114155499
2023,05,1725903,1,0032,1,4,1,1,20220217259031003214,3,1,2, ,2,28,4,99, , , , , , , , , , , , , , , , , , , , , , , , , , , , , , , , , , , , , , , , , , , , , , , , , , , , , , , , , , , , , , , , , , , , , , , , , , , , ,1,611.411114155499
2023,05,1725903,1,0032,1,5,1,1,20220217259031003215,3,1,2, ,2,24,5,5,20,6,1998,1, , , , , , , , , , , , , , ,7411,4321,3,5,3,80,0,8,8,8,8,8,0,40,1, ,2,2,4,1025, , , , , , , , , , , , , , ,1,1,10,3, ,2,2,2,2,2,2,10,7,1,1025, , , , , , , ,1025,1025,1,671.768239249073
2023,05,1725903,1,0032,1,6,1,1,20220217259031003216,3,1,2, ,2,20,6,99, , , , , , , , , , , , , , , , , , , , , , , , , , , , , , , , , , , , , , , , , , , , , , , , , , , , , , , , , , , , , , , , , , , , , , , , , , , , ,1,671.768239249073
2023,05,1725903,1,0032,1,7,1,1,20220217259031003217,3,1,2, ,1,11, , , , , , , , , , , , , , , , , , , , , , , , , , , , , , , , , , , , , , , , , , , , , , , , , , , , , , , , , , , , , , , , , , , , , , , , , , , , , , ,1, 
2023,05,1725903,1,0034,1,1,1,1,20220217259031003411,1,1,2, ,1,54,1,1,20,4,1969,1, , , , , , , , , , , , , , ,3124,8010,3,4,5,6000,0,11,11,11,11,11,0,55,1, ,2,2,4,4500, , , , , , , , , , , , , , ,1,1,11,5, ,2,2,2,2,2,2,10,7,1,4500, , , , , , , ,4500,4500,1,530.413752052886
2023,05,1725903,1,0034,1,2,1,1,20220217259031003412,2,1,2, ,2,47,2,2,18,7,1975,1, , , , , , , , , , , , , , ,2341,8510,3,5,1,15,0,8,8,8,8,8,0,40,1, ,2,2,4,1600, , , , , , , , , , , , , , ,1,1,10,4, ,2,2,2,2,2,2,10,7,1,1600, , , , , , , ,1600,1600,1,475.058148004583
2023,05,1725903,1,0034,1,3,1,1,20220217259031003413,3,1,2, ,1,26,3,2,13,12,1996,1, , , , , , , , , , , , , , ,9629,4390,3,5,1,18,0,8,8,8,8,8,8,48,1, ,2,2,2,450, , , , , , , , , , , , , , ,1,5,8,2, ,2,2,2,2,2,2,10,7,1,1949, , , , , , , ,1949,1949,1,610.897761502826
2023,05,1725903,1,0034,1,4,1,1,20220217259031003414,3,1,2, ,1,11, , , , , , , , , , , , , , , , , , , , , , , , , , , , , , , , , , , , , , , , , , , , , , , , , , , , , , , , , , , , , , , , , , , , , , , , , , , , , , ,1, 
2023,05,1725903,1,0070,1,1,1,1,20220217259031007011,1,1,2, ,1,51,1,1,28,7,1971,2,1, , , , , , , , , , , , , ,7361,4210,3,5,4,500,0,0,0,0,0,0,0,48,2,48,2,2,4,3000,260, , , , , , , , , , , , , ,1,1,6,5, ,2,2,2,2,2,2,10,7,1,3000,460, , , , , , ,3460,3460,1,530.413752052886
2023,05,1725903,1,0070,1,2,1,1,20220217259031007012,2,1,2, ,2,45,2,2,18,4,1978,1, , , , , , , , , , , , , , ,5223,4711,9, ,1,4,10,0,0,2,0,0,4,16,1, ,2, , , , , , , , , , , , , , , , , ,1,1,3, ,5,2,2,2,2,2,2,10,7,1, , , , , , , , , , ,1,475.058148004583
2023,05,1725903,1,0070,1,3,1,1,20220217259031007013,3,1,2, ,1,20,3,3,14,8,2002,2,2,2,2,2,2,2,2,2,2,2,2,2,2,2, , , , , , , , , , , , , , , , , , , , , , , , , , , ,2,4,2, , , , ,1,5,8,2, ,2,2,2,2,2,2,10,9,4, , , , , , , , , , ,1,595.53016347679
2023,05,1725903,1,0070,1,4,1,1,20220217259031007014,3,1,2, ,2,16,4,4,16,5,2007,2,2,2,2,2,2,2,2,2,2,2,2,2,2,2, , , , , , , , , , , , , , , , , , , , , , , , , , , ,2,4,2, , , , ,1,1,5,4, ,2,2,2,2,2,2,10,6,4, , , , , , , , , , ,1,671.768239249073
2023,05,17272,1,0103,1,1,1,1,202205172721010311,1,1,2, ,1,45,1,1,3,1,1978,1, , , , , , , , , , , , , , ,7128,4330,3,5,1,2,0,0,8,8,8,8,5,37,1, ,2,2,2,300, , , , , , , , , , , , , , ,1,5,6,5, ,2,2,2,2,2,2,10,7,1,1299, , , , , , , ,1299,1299,1,335.65116187406
2023,05,17272,1,0103,1,2,1,1,202205172721010312,2,1,2, ,2,29,2,2,19,11,1993,2,2,2,2,2,2,2,2,2,2,2,2,2,2,2, , , , , , , , , , , , , , , , , , , , , , , , , , , ,2,5,2, , , , ,1,5,6,5, ,2,2,2,2,2,2,10,1,4, , , , , , , , , , ,1,386.907107997729
2023,05,17272,1,0103,1,3,1,1,202205172721010313,3,1,2, ,1,12, , , , , , , , , , , , , , , , , , , , , , , , , , , , , , , , , , , , , , , , , , , , , , , , , , , , , , , , , , , , , , , , , , , , , , , , , , , , , , ,1, 
2023,05,17272,1,0103,1,4,1,1,202205172721010314,3,1,2, ,1,10, , , , , , , , , , , , , , , , , , , , , , , , , , , , , , , , , , , , , , , , , , , , , , , , , , , , , , , , , , , , , , , , , , , , , , , , , , , , , , ,1, 
2023,05,17272,1,0103,1,5,1,1,202205172721010315,3,1,2, ,1,7, , , , , , , , , , , , , , , , , , , , , , , , , , , , , , , , , , , , , , , , , , , , , , , , , , , , , , , , , , , , , , , , , , , , , , , , , , , , , , ,1, 
2023,05,17272,1,0103,1,6,1,1,202205172721010316,3,1,2, ,2,1, , , , , , , , , , , , , , , , , , , , , , , , , , , , , , , , , , , , , , , , , , , , , , , , , , , , , , , , , , , , , , , , , , , , , , , , , , , , , , ,1, 
2023,05,17272,1,0105,1,1,1,1,202205172721010511,1,1,2, ,1,62,1,1,26,12,1960,1, , , , , , , , , , , , , , ,8322,4923,2, ,1,1,4,8,8,0,0,8,8,45,2,45,2,2, , , ,900, , , , , , , , , , , , ,1,5,5,3, ,2,2,2,2,2,2,10,7,1, , ,1289, , , , , ,1289,1289,1,335.65116187406
2023,05,17272,1,0105,1,2,1,1,202205172721010512,2,1,2, ,2,57,2,2,17,5,1966,2,2,2,2,1,2,2,2,2,2,2,2,2,2,2,9412,5610,3,5,1,3,0,0,3,0,3,0,3,9,1, ,1,1,2,60,30, , , , , , , , , , , , , ,1,5,4,5, ,2,2,2,2,2,2,10,5,1,260,130, , , , , , ,390,390,1,300.62157837789
2023,05,17272,1,0105,1,3,1,1,202205172721010513,3,1,2, ,1,26,3,3,10,9,1996,1, , , , , , , , , , , , , , ,7221,2599,2, ,1,1,0,0,7,5,5,6,7,30,1, ,2,2, , , ,800, , , , , , , , , , , , ,1,5,8,2, ,2,2,2,2,2,2,10,7,1, , ,1010, , , , , ,1010,1010,1,386.582253271294
2023,05,17272,1,0105,1,4,1,1,202205172721010516,5,1,2, ,2,17,4,4,15,11,2005,2,2,2,2,2,2,2,2,2,2,2,2,2,2,2, , , , , , , , , , , , , , , , , , , , , , , , , , , ,2,4,1,1,5, , ,1,5,6,5, ,2,2,2,2,2,2,10,7,4, , , , , , , , , , ,1,425.101704360714
2023,05,17272,1,0105,1,5,1,1,202208172721010517,3,1,2, ,2,41,5,5,15,8,1981,2,2,2,2,1,2,2,2,2,2,2,2,2,2,2,9111,9700,6, ,1,2,0,9,9,0,0,0,9,27,1, ,2,2,3,300,30, , , , , , , , , , , , , ,1,5,3, ,5,2,2,2,2,2,2,10,7,1,600,130, , , , , , ,730,730,1,386.907107997729
2023,05,17272,1,0105,1,6,1,1,202205172721010514,3,1,1, ,2,28, , , , , , , , , , , , , , , , , , , , , , , , , , , , , , , , , , , , , , , , , , , , , , , , , , , , , , , , , , , , , , , , , , , , , , , , , , , , , , ,0, 
2023,05,17272,1,0105,1,7,1,1,202205172721010515,5,1,1, ,1,10, , , , , , , , , , , , , , , , , , , , , , , , , , , , , , , , , , , , , , , , , , , , , , , , , , , , , , , , , , , , , , , , , , , , , , , , , , , , , , ,0, 
2023,05,17272,1,0106,1,1,1,1,202205172721010611,1,1,2, ,2,60,1,1,30,8,1962,2,2,2,2,2,2,2,2,2,2,2,2,2,2,2, , , , , , , , , , , , , , , , , , , , , , , , , , , ,2,5,1,2, , , ,1,6,3,1, ,2,2,2,2,2,2,1,1,4, , , , , , , , , , ,1,300.62157837789
2023,05,17272,1,0106,1,2,1,1,202205172721010612,3,1,2, ,1,30,2,99, , , , , , , , , , , , , , , , , , , , , , , , , , , , , , , , , , , , , , , , , , , , , , , , , , , , , , , , , , , , , , , , , , , , , , , , , , , , ,1,386.582253271294
2023,05,17272,1,0206,1,1,1,1,202205172721020611,1,1,2, ,2,56,1,1,20,3,1967,1, , , , , , , , , , , , , , ,9111,9700,6, ,1,2,0,8,8,8,8,8,8,48,1, ,2,2,4,1300,108, , , , , , , , , , , , , ,1,5,5,4, ,2,2,2,2,2,2,10,7,1,1300,468, , , , , , ,1768,1768,1,300.62157837789
2023,05,17272,1,0206,1,2,1,1,202205172721020612,3,1,2, ,1,33,2,2,27,10,1989,1, , , , , , , , , , , , , , ,3116,2029,3,5,2,50,0,9,9,9,9,9,6,55,2,55,2,1,4,2050, , , , , , , , , , , , , , ,1,1,11,5, ,2,2,2,2,2,2,10,7,1,2050, , , , , , , ,2050,2050,1,386.582253271294
2023,05,17294,1,0005,1,1,1,1,202205172941000511,1,1,2, ,1,34,1,1,6,12,1988,1, , , , , , , , , , , , , , ,3129,4322,3,5,1,20,0,8,8,8,8,8,6,46,1, ,2,2,4,2200, , , , , , , , , , , , , , ,1,1,11,5, ,2,2,2,2,2,2,10,7,1,2200, , , , , , , ,2200,2200,1,299.695799391861
2023,05,17294,1,0005,1,2,1,1,202205172941000512,2,1,2, ,2,39,2,2,6,9,1983,2,2,2,2,2,2,2,2,2,2,2,2,2,2,2, , , , , , , , , , , , , , , , , , , , , , , , , , , ,2,5,2, , , , ,1,5,6,5, ,2,2,2,2,2,2,1,1,4, , , , , , , , , , ,1,299.947641260186
2023,05,17294,1,0005,1,3,1,1,202205172941000513,3,1,2, ,1,10, , , , , , , , , , , , , , , , , , , , , , , , , , , , , , , , , , , , , , , , , , , , , , , , , , , , , , , , , , , , , , , , , , , , , , , , , , , , , , ,1, 
2023,05,17294,1,0007,1,1,1,1,202205172941000711,1,1,2, ,1,58,1,1,14,12,1964,1, , , , , , , , , , , , , , ,8321,4922,2, ,1,1,8,8,8,8,8,8,0,48,1, ,1,2, , , ,1000, , , , , , , , , , , , ,1,1,9,5, ,2,2,2,2,2,2,1,7,1, , ,1100, , , , , ,1100,1100,1,260.211746461262
2023,05,17294,1,0008,1,1,1,1,202208172941000811,1,1,2, ,2,67,1,1,5,12,1955,1, , , , , , , , , , , , , , ,9112,8521,3,2,5,9888,0,8,8,8,8,8,0,40,1, ,2,2,4,1700, , , , , , , , , , , , , , ,1,1,4,5, ,2,2,2,2,2,2,10,7,1,1700, , , , , , , ,1700,1700,1,233.05525146075
2023,05,17294,1,0008,1,2,1,1,202208172941000812,3,1,2, ,1,31,2,99, , , , , , , , , , , , , , , , , , , , , , , , , , , , , , , , , , , , , , , , , , , , , , , , , , , , , , , , , , , , , , , , , , , , , , , , , , , , ,1,299.695799391861
2023,05,17294,1,0008,1,3,1,1,202208172941000813,3,1,2, ,2,26,3,99, , , , , , , , , , , , , , , , , , , , , , , , , , , , , , , , , , , , , , , , , , , , , , , , , , , , , , , , , , , , , , , , , , , , , , , , , , , , ,1,299.947641260186
2023,05,17303,1,0082,1,1,1,1,202205173031008211,1,1,2, ,2,49,1,1,10,6,1973,2,2,2,2,2,2,2,2,2,2,2,2,2,2,2, , , , , , , , , , , , , , , , , , , , , , , , , , , ,2,5,2, , , , ,1,5,6,5, ,2,2,2,2,2,2,1,1,4, , , , , , , , , , ,1,235.003797099337
2023,05,17303,1,0082,1,2,1,1,202205173031008212,3,1,2, ,1,20,2,1,11,4,2003,1, , , , , , , , , , , , , , ,7322,3100,3,5,1,4,0,8,8,8,8,8,8,48,1, ,2,2,2,200, , , , , , , , , , , , , , ,1,5,6,5, ,2,2,2,2,2,2,10,7,1,866, , , , , , , ,866,866,1,294.599409129353
2023,05,17303,1,0083,1,1,1,1,202205173031008311,1,1,2, ,2,77,1,1,15,2,1946,2,2,2,2,2,2,2,2,2,2,2,2,2,2,2, , , , , , , , , , , , , , , , , , , , , , , , , , , ,2,5,2, , , , ,1,5,1, , ,2,2,2,2,2,2,2,9,4, , , , , , , , , , ,1,235.003797099337
2023,05,17303,1,0084,1,1,1,1,202205173031008411,1,1,2, ,2,47,1,1,12,12,1975,1, , , , , , , , , , , , , , ,5120,8890,3,2,5,1000,0,7,7,7,7,7,0,80,1, ,2,2,5, ,173, , , ,700, , , , , , , , , ,1,5,6,5, ,2,2,2,2,2,2,10,7,1, ,173, , , ,700, , ,873,173,1,235.003797099337
2023,05,17303,1,0084,1,2,1,1,202205173031008412,3,1,2, ,1,20,2,2,20,9,2002,2,2,2,2,2,2,2,2,2,2,2,2,1,2,2,5223,4719,4, ,1,2,2,2,2,2,2,2,6,18,1, ,2, , , , , , , , , , , , , , , , , ,1,5,10,1, ,2,2,2,2,2,2,10,7,1, , , , , , , , , , ,1,294.599409129353
2023,05,17303,1,0086,1,1,1,1,202205173031008611,1,1,2, ,2,85,1,1,18,8,1937,2,2,2,2,2,2,2,2,2,2,2,2,2,2,2, , , , , , , , , , , , , , , , , , , , , , , , , , , ,2,5,2, , , , ,1,5,1, , ,2,2,2,2,2,2,1,1,4, , , , , , , , , , ,1,235.003797099337
2023,05,17306,1,0059,1,1,1,1,202205173061005911,1,1,2, ,2,34,1,1,5,8,1988,1, , , , , , , , , , , , , , ,9111,9700,6, ,1,1,0,5,5,5,5,5,0,25,1, ,2,2,4,900, , , , , , , , , , , , , , ,1,1,6,5, ,2,2,2,2,2,2,1,1,1,900, , , , , , , ,900,900,1,353.356641755825
2023,05,17306,1,0059,1,2,1,1,202205173061005912,3,1,2, ,2,10, , , , , , , , , , , , , , , , , , , , , , , , , , , , , , , , , , , , , , , , , , , , , , , , , , , , , , , , , , , , , , , , , , , , , , , , , , , , , , ,1, 
2023,05,17306,1,0059,1,3,1,1,202205173061005913,3,1,2, ,2,5, , , , , , , , , , , , , , , , , , , , , , , , , , , , , , , , , , , , , , , , , , , , , , , , , , , , , , , , , , , , , , , , , , , , , , , , , , , , , , ,1, 
2023,05,17306,1,0059,1,4,1,1,202205173061005914,7,1,2, ,2,14,4,4,25,2,2009,1, , , , , , , , , , , , , , ,9111,9700,6, ,1,2,4,0,0,0,0,0,4,8,1, ,2,2,2,60, , , , , , , , , , , , , , ,1,5,5,4, ,2,2,2,2,2,2,1,1,1,260, , , , , , , ,260,260,1,388.239211822547
2023,05,17306,1,0060,1,1,1,1,202205173061006011,1,1,2, ,2,40,1,1,20,3,1983,1, , , , , , , , , , , , , , ,9411,5610,2, ,1,1,6,6,6,6,6,6,6,42,1, ,2,2, , , ,1000,80, , , , , , , , , , , ,1,5,3, ,1,2,2,2,2,2,2,1,1,1, , ,1140,87, , , , ,1227,1227,1,353.356641755825
2023,05,17306,1,0060,1,2,1,1,202205173061006012,3,1,2, ,2,16,2,2,16,6,2006,2,2,2,2,2,2,2,2,2,2,2,2,2,2,2, , , , , , , , , , , , , , , , , , , , , , , , , , , ,2,4,1,1,5, , ,1,5,5,4, ,2,2,2,2,2,2,1,7,4, , , , , , , , , , ,1,388.239211822547
2023,05,17306,1,0060,1,3,1,1,202205173061006013,3,1,2, ,2,3, , , , , , , , , , , , , , , , , , , , , , , , , , , , , , , , , , , , , , , , , , , , , , , , , , , , , , , , , , , , , , , , , , , , , , , , , , , , , , ,1, 
2023,05,17306,1,0061,1,1,1,1,202205173061006111,1,1,2, ,1,77,1,1,2,8,1945,2,2,2,2,2,2,2,2,2,2,2,2,2,2,2, , , , , , , , , , , , , , , , , , , , , , , , , , , ,2,5,1,2, , , ,1,5,9,3, ,1,2,2,2,2,2,10,7,4, , , , , , , , , , ,1,306.545330673932
2023,05,17306,1,0062,1,1,1,1,202205173061006211,1,1,2, ,1,39,1,1,8,2,1984,1, , , , , , , , , , , , , , ,7312,2220,2, ,1,2,0,9,9,9,9,9,9,54,1, ,2,2, , , ,1500, , , , , , , , , , , , ,1,5,6,5, ,2,2,2,2,2,2,10,7,1, , ,1400, , , , , ,1400,1400,1,353.059956652815
2023,05,17306,1,0062,1,2,1,1,202205173061006212,2,1,2, ,2,39,2,2,24,11,1983,1, , , , , , , , , , , , , , ,7312,2220,4, ,1,2,0,4,4,4,4,4,5,25,1, ,2, , , , , , , , , , , , , , , , , ,1,5,5,4, ,2,2,2,2,2,2,10,7,1, , , , , , , , , , ,1,353.356641755825
2023,05,17306,1,0062,1,3,1,1,202205173061006213,3,1,2, ,2,13, , , , , , , , , , , , , , , , , , , , , , , , , , , , , , , , , , , , , , , , , , , , , , , , , , , , , , , , , , , , , , , , , , , , , , , , , , , , , , ,1, 
2023,05,17306,1,0062,1,4,1,1,202205173061006214,3,1,2, ,1,1, , , , , , , , , , , , , , , , , , , , , , , , , , , , , , , , , , , , , , , , , , , , , , , , , , , , , , , , , , , , , , , , , , , , , , , , , , , , , , ,1, 
2023,05,17390,1,0021,1,1,1,1,202202173901002111,1,1,2, ,1,55,1,99, , , , , , , , , , , , , , , , , , , , , , , , , , , , , , , , , , , , , , , , , , , , , , , , , , , , , , , , , , , , , , , , , , , , , , , , , , , , ,1,622.352488802756
2023,05,17390,1,0021,1,2,1,1,202202173901002112,2,1,2, ,2,48,2,2,9,12,1974,1, , , , , , , , , , , , , , ,9622,8411,3,2,5,5000,0,8,8,8,8,8,0,40,1, ,2,1,4,1160, , , , , , , , , , , , , , ,1,1,6,5, ,2,2,2,2,2,2,10,7,1,1160, , , , , , , ,1160,1160,1,557.401876539584
2023,05,17390,1,0021,1,3,1,1,202202173901002114,3,1,2, ,2,24,3,99, , , , , , , , , , , , , , , , , , , , , , , , , , , , , , , , , , , , , , , , , , , , , , , , , , , , , , , , , , , , , , , , , , , , , , , , , , , , ,1,788.208514536443
2023,05,17390,1,0022,1,1,1,1,202202173901002211,1,1,2, ,1,54,1,2,2,5,1969,1, , , , , , , , , , , , , , ,8322,4922,2, ,1,1,13,13,14,13,13,12,12,99,1, ,2,2, , , ,3000, , , , , , , , , , , , ,1,5,6,5, ,2,2,2,2,2,2,10,5,1, , ,2850, , , , , ,2850,2850,1,622.352488802756
2023,05,17390,1,0022,1,2,1,1,202202173901002212,2,1,2, ,2,52,2,2,18,5,1970,2,2,2,2,2,2,2,2,2,2,2,2,1,2,2,5223,4711,4, ,1,3,3,3,3,3,3,3,3,21,1, ,2, , , , , , , , , , , , , , , , , ,1,5,6,5, ,2,2,2,2,2,2,10,7,1, , , , , , , , , , ,1,557.401876539584
2023,05,17390,1,0022,1,3,1,1,202202173901002213,3,1,2, ,1,25,3,2,13,4,1998,2,2,2,2,2,2,2,2,2,2,2,2,2,2,2, , , , , , , , , , , , , , , , , , , , , , , , , , , ,2,5,2, , , , ,1,5,6,5, ,2,2,2,2,2,2,10,7,4, , , , , , , , , , ,1,716.78711346347
2023,05,17390,1,0022,1,4,1,1,202202173901002215,3,1,2, ,2,17,4,4,20,2,2006,1, , , , , , , , , , , , , , ,5212,4711,2, ,1,3,15,15,15,15,15,15,15,105,1, ,2,2, , , ,1000,200, , , , , , , , , , , ,2,5,6,5, ,2,2,2,2,2,2,10,5,1, , ,1200,108, , , , ,1308,1308,1,788.208514536443
2023,05,17390,1,0023,1,1,1,1,202202173901002311,1,1,2, ,1,49,1,99, , , , , , , , , , , , , , , , , , , , , , , , , , , , , , , , , , , , , , , , , , , , , , , , , , , , , , , , , , , , , , , , , , , , , , , , , , , , ,1,622.352488802756
2023,05,17390,1,0023,1,2,1,1,202202173901002312,2,1,2, ,2,51,2,99, , , , , , , , , , , , , , , , , , , , , , , , , , , , , , , , , , , , , , , , , , , , , , , , , , , , , , , , , , , , , , , , , , , , , , , , , , , , ,1,557.401876539584
2023,05,17390,1,0023,1,3,1,1,202202173901002313,3,1,2, ,1,25,3,3,4,7,1997,2,1, , , , , , , , , , , , , ,3124,4711,3,5,5,3000,0,0,0,0,0,0,0,48,2,48,2,2,4,1500,150, , , , , , , , , , , , , ,1,6,9,3, ,2,2,2,2,2,2,10,1,1,1500,150, , , , , , ,1650,1650,1,716.78711346347
2023,05,17390,1,0023,1,4,1,1,202202173901002314,3,1,2, ,1,17,4,4,6,5,2006,2,2,2,2,2,2,2,2,2,2,2,2,2,2,2, , , , , , , , , , , , , , , , , , , , , , , , , , , ,2,4,1,2, , , ,2,5,5,4, ,2,2,2,2,2,2,10,7,4, , , , , , , , , , ,1,698.75578821708
2023,05,17390,1,0023,1,5,1,1,202202173901002315,3,1,2, ,1,11, , , , , , , , , , , , , , , , , , , , , , , , , , , , , , , , , , , , , , , , , , , , , , , , , , , , , , , , , , , , , , , , , , , , , , , , , , , , , , ,1, 
2023,05,17390,1,0024,1,1,1,1,202202173901002411,1,1,2, ,2,49,1,99, , , , , , , , , , , , , , , , , , , , , , , , , , , , , , , , , , , , , , , , , , , , , , , , , , , , , , , , , , , , , , , , , , , , , , , , , , , , ,1,557.401876539584
2023,05,17390,1,0024,1,2,1,1,202202173901002412,3,1,2, ,1,17,2,2,12,10,2005,2,2,2,2,2,2,2,2,2,2,2,2,2,2,2, , , , , , , , , , , , , , , , , , , , , , , , , , , ,1, , , , ,6,2,1,1,6,5, ,2,2,2,2,2,2,10,7,2, , , , , , , , , , ,1,698.75578821708
2023,05,17413,1,0045,1,1,1,1,202202174131004511,1,1,2, ,1,46,1,99, , , , , , , , , , , , , , , , , , , , , , , , , , , , , , , , , , , , , , , , , , , , , , , , , , , , , , , , , , , , , , , , , , , , , , , , , , , , ,1,645.394131658897
2023,05,17413,1,0045,1,2,1,1,202202174131004512,2,1,2, ,2,49,2,99, , , , , , , , , , , , , , , , , , , , , , , , , , , , , , , , , , , , , , , , , , , , , , , , , , , , , , , , , , , , , , , , , , , , , , , , , , , , ,1,578.038822960856
2023,05,17413,1,0045,1,3,1,1,202202174131004513,3,1,2, ,2,18,3,3,5,1,2005,2,2,2,2,2,2,2,2,2,2,2,2,2,2,2, , , , , , , , , , , , , , , , , , , , , , , , , , , ,2,4,2, , , , ,1,6,8,1, ,2,2,2,2,2,2,10,7,4, , , , , , , , , , ,1,817.390721428643
2023,05,17413,1,0045,1,4,1,1,202202174131004514,3,1,2, ,2,10, , , , , , , , , , , , , , , , , , , , , , , , , , , , , , , , , , , , , , , , , , , , , , , , , , , , , , , , , , , , , , , , , , , , , , , , , , , , , , ,1, 
2023,05,17413,1,0046,1,1,1,1,202202174131004611,1,1,2, ,2,62,1,2,26,12,1960,1, , , , , , , , , , , , , , ,7513,1073,2, ,1,1,6,10,10,10,10,10,11,67,1, ,2,2, , , ,1000, , , , , , , , , , , , ,1,5,8,2, ,2,2,2,2,2,2,10,7,1, , ,1000, , , , , ,1000,1000,1,578.038822960856
2023,05,17413,1,0046,1,2,1,1,202202174131004613,3,1,2, ,2,32,2,2,29,1,1991,1, , , , , , , , , , , , , , ,7515,1073,2, ,1,1,0,6,6,6,6,6,7,37,1, ,1,1, , , ,1000,120, , , , , , , , , , , ,1,5,6,5, ,2,2,2,2,2,2,10,7,1, , ,930,150, , , , ,1080,1080,1,743.94968754061
2023,05,17413,1,0046,1,3,1,1,202202174131004614,3,1,2, ,1,13, , , , , , , , , , , , , , , , , , , , , , , , , , , , , , , , , , , , , , , , , , , , , , , , , , , , , , , , , , , , , , , , , , , , , , , , , , , , , , ,1, 
2023,05,17413,1,0046,1,4,1,1,202202174131004615,3,1,2, ,1,12, , , , , , , , , , , , , , , , , , , , , , , , , , , , , , , , , , , , , , , , , , , , , , , , , , , , , , , , , , , , , , , , , , , , , , , , , , , , , , ,1, 
2023,05,17413,1,0046,1,5,1,1,202202174131004616,3,1,2, ,2,6, , , , , , , , , , , , , , , , , , , , , , , , , , , , , , , , , , , , , , , , , , , , , , , , , , , , , , , , , , , , , , , , , , , , , , , , , , , , , , ,1, 
2023,05,17413,1,0047,1,1,1,1,202202174131004711,1,1,2, ,1,49,1,1,25,1,1974,1, , , , , , , , , , , , , , ,7515,1073,2, ,1,2,0,12,12,12,12,12,0,60,1, ,2,2, , , ,1500,100, , , , , , , , , , , ,1,6,5,3, ,2,2,2,2,2,2,1,1,1, , ,1400,100, , , , ,1500,1500,1,645.394131658897
2023,05,17413,1,0047,1,2,1,1,202202174131004712,2,1,2, ,2,49,2,2,19,8,1973,1, , , , , , , , , , , , , , ,7515,1073,4, ,1,2,3,5,5,5,5,5,0,28,1, ,2, , , , , , , , , , , , , , , , , ,1,5,5,2, ,2,2,2,2,2,2,10,7,1, , , , , , , , , , ,1,578.038822960856
2023,05,17413,1,0047,1,3,1,1,202202174131004714,3,1,2, ,1,24,3,3,11,5,1999,1, , , , , , , , , , , , , , ,5414,8010,3,4,5,1000,0,11,11,11,11,11,11,66,1, ,2,2,4,1350, , , , , , , , , , , , , , ,1,1,6,5, ,2,2,2,2,2,2,10,7,1,1350, , , , , , , ,1350,1350,1,724.626145619734
2023,05,17413,1,0047,1,4,1,1,202202174131004715,3,1,2, ,1,18,4,4,21,6,2004,1, , , , , , , , , , , , , , ,7231,4520,3,5,1,5,0,5,5,5,5,5,0,25,1, ,2,2,3,350, , , , , , , , , , , , , , ,1,6,8,1, ,2,2,2,2,2,2,10,7,1,700, , , , , , , ,700,700,1,724.626145619734
2023,05,17413,1,0047,1,5,1,1,202202174131004716,3,1,2, ,2,17,5,5,23,1,2006,2,2,2,2,2,2,2,2,2,2,2,2,2,2,2, , , , , , , , , , , , , , , , , , , , , , , , , , , ,2,4,1,1,5, , ,1,5,5,4, ,2,2,2,2,2,2,10,7,4, , , , , , , , , , ,1,817.390721428643
2023,05,17413,1,0048,1,1,1,1,202202174131004811,1,1,2, ,2,40,1,1,20,3,1983,2,2,2,2,2,2,2,2,2,2,2,2,2,2,2, , , , , , , , , , , , , , , , , , , , , , , , , , , ,2,5,1,2, , , ,1,1,6,5, ,2,2,2,2,2,2,10,7,4, , , , , , , , , , ,1,743.94968754061
2023,05,17413,1,0048,1,2,1,1,202202174131004812,2,1,2, ,1,43,2,2,24,5,1979,1, , , , , , , , , , , , , , ,7212,2511,3,5,2,25,0,9,9,9,9,9,5,50,1, ,2,2,4,2400, , , , , , , , , , , , , , ,1,1,6,5, ,2,2,2,2,2,2,10,7,1,2400, , , , , , , ,2400,2400,1,743.325052926172
2023,05,17413,1,0048,1,3,1,1,202202174131004813,3,1,2, ,1,20,3,1,14,6,2002,2,2,2,2,2,2,2,2,2,2,2,2,2,2,2, , , , , , , , , , , , , , , , , , , , , , , , , , , ,2,4,2, , , , ,1,6,8,1, ,2,2,2,2,2,2,10,7,4, , , , , , , , , , ,1,724.626145619734
2023,05,17413,1,0048,1,4,1,1,202202174131004814,3,1,2, ,1,15,4,4,29,4,2008,2,2,2,2,2,2,2,2,2,2,2,2,2,2,2, , , , , , , , , , , , , , , , , , , , , , , , , , , ,2,4,1,2, , , ,1,1,5,2, ,2,2,2,2,2,2,10,7,4, , , , , , , , , , ,1,724.626145619734
2023,05,17413,1,0048,1,5,1,1,202202174131004815,3,1,2, ,1,7, , , , , , , , , , , , , , , , , , , , , , , , , , , , , , , , , , , , , , , , , , , , , , , , , , , , , , , , , , , , , , , , , , , , , , , , , , , , , , ,1, 
2023,05,17413,1,0048,1,6,1,1,202205174131004816,3,1,2, ,1,1, , , , , , , , , , , , , , , , , , , , , , , , , , , , , , , , , , , , , , , , , , , , , , , , , , , , , , , , , , , , , , , , , , , , , , , , , , , , , , ,1, 
2023,05,17413,1,0048,1,7,1,1,202202174131004816,7,1,2, ,2,23,7,7,1,1,2000,2,2,2,2,2,2,2,2,2,2,2,2,2,2,2, , , , , , , , , , , , , , , , , , , , , , , , , , , ,2,4,1,2, , , ,1,5,6,5, ,2,2,2,2,2,2,10,6,4, , , , , , , , , , ,1,817.390721428643
2023,05,17413,1,0048,1,8,1,1,202202174131004817,8,1,2, ,1,20,8,8,23,11,2002,1, , , , , , , , , , , , , , ,312,8422,3,1,5, ,0,8,8,8,8,8,8,48,1, ,2,2,4,2500, , , , , , , , , , , , , , ,2,4,9,3, ,2,2,2,2,2,2,10,7,1,2500, , , , , , , ,2500,2500,1,724.626145619734
2023,05,17419,1,0057,1,1,1,1,202302174191005711,1,1,2, ,1,39,1,1,19,3,1984,1, , , , , , , , , , , , , , ,8142,2220,3,5,3,60,0,10,10,10,10,10,0,50,1, ,2,2,4,2100, , , , , , , , , , , , , , ,1,1,5,4, ,2,2,2,2,2,2,10,7,1,2100, , , , , , , ,2100,2100,1,417.816527931059
2023,05,17419,1,0057,1,2,1,1,202302174191005712,2,1,2, ,2,41,2,2,20,9,1981,2,2,2,2,2,2,2,2,2,2,2,2,2,2,2, , , , , , , , , , , , , , , , , , , , , , , , , , , ,2,8,1,2, , , ,1,1,4, ,6,2,2,2,2,2,2,10,7,4, , , , , , , , , , ,1,418.1676295989
2023,05,17419,1,0057,1,3,1,1,202302174191005713,3,1,2, ,2,19,3,3,29,1,2004,2,2,2,2,2,2,2,2,2,2,2,2,2,2,2, , , , , , , , , , , , , , , , , , , , , , , , , , , ,1, , , , ,2,2,1,5,6,5, ,2,2,2,2,2,2,10,7,2, , , , , , , , , , ,1,459.448194092147
2023,05,17419,1,0057,1,4,1,1,202302174191005714,3,1,2, ,2,14,4,4,13,7,2008,2,2,2,2,2,2,2,2,2,2,2,2,2,2,2, , , , , , , , , , , , , , , , , , , , , , , , , , , ,2,4,2, , , , ,2,1,5,2, ,2,2,2,2,2,2,10,7,4, , , , , , , , , , ,1,459.448194092147
2023,05,17419,1,0057,1,5,1,1,202302174191005715,3,1,2, ,1,11, , , , , , , , , , , , , , , , , , , , , , , , , , , , , , , , , , , , , , , , , , , , , , , , , , , , , , , , , , , , , , , , , , , , , , , , , , , , , , ,1, 
2023,05,17419,1,0058,1,1,1,1,202302174191005811,1,1,2, ,1,19,1,1,5,12,2003,2,2,2,2,2,2,2,2,2,2,2,2,2,2,2, , , , , , , , , , , , , , , , , , , , , , , , , , , ,2,5,2, , , , ,1,5,8,1, ,2,2,2,2,2,2,10,7,4, , , , , , , , , , ,1,407.306035252082
2023,05,17419,1,0058,1,2,1,1,202302174191005812,6,1,1, ,2,42, , , , , , , , , , , , , , , , , , , , , , , , , , , , , , , , , , , , , , , , , , , , , , , , , , , , , , , , , , , , , , , , , , , , , , , , , , , , , , ,0, 
2023,05,17419,1,0058,1,3,1,1,202302174191005813,6,1,2, ,1,45,3,3,5,2,1978,1, , , , , , , , , , , , , , ,8322,4922,2, ,1,1,0,12,12,0,0,0,0,60,2,60,2,2, , , ,1200, , , , , , , , , , , , ,1,5,8,1, ,2,2,2,2,2,2,10,7,1, , ,1581, , , , , ,1581,1581,1,362.770411376924
2023,05,17419,1,0058,1,4,1,1,202302174191005814,7,1,2, ,2,5, , , , , , , , , , , , , , , , , , , , , , , , , , , , , , , , , , , , , , , , , , , , , , , , , , , , , , , , , , , , , , , , , , , , , , , , , , , , , , ,1, 
2023,05,17419,1,0059,1,1,1,1,202302174191005911,1,1,2, ,1,38,1,1,10,6,1984,1, , , , , , , , , , , , , , ,8322,4922,2, ,1,1,10,10,10,10,0,0,10,70,2,70,2,2, , , ,1500, , , , , , , , , , , , ,1,5,5,2, ,2,2,2,2,2,2,10,7,1, , ,1842, , , , , ,1842,1842,1,417.816527931059
2023,05,17419,1,0059,1,2,1,1,202302174191005912,2,1,2, ,2,32,2,2,6,12,1990,2,2,2,2,2,2,2,2,2,2,2,2,2,2,2, , , , , , , , , , , , , , , , , , , , , , , , , , , ,2,5,2, , , , ,1,5,6,5, ,2,2,2,2,2,2,10,7,4, , , , , , , , , , ,1,418.1676295989
2023,05,17419,1,0059,1,3,1,1,202302174191005913,3,1,2, ,1,13, , , , , , , , , , , , , , , , , , , , , , , , , , , , , , , , , , , , , , , , , , , , , , , , , , , , , , , , , , , , , , , , , , , , , , , , , , , , , , ,1, 
2023,05,17419,1,0059,1,4,1,1,202302174191005914,3,1,2, ,1,6, , , , , , , , , , , , , , , , , , , , , , , , , , , , , , , , , , , , , , , , , , , , , , , , , , , , , , , , , , , , , , , , , , , , , , , , , , , , , , ,1, 
2023,05,17419,1,0060,1,1,1,1,202302174191006011,1,1,2, ,1,43,1,1,4,2,1980,1, , , , , , , , , , , , , , ,9612,3811,2, ,1,1,0,6,10,0,8,0,10,50,2,50,1,2, , , ,1000, , , , , , , , , , , , ,1,5,5,3, ,2,2,2,2,2,2,10,7,1, , ,1000, , , , , ,1000,1000,1,417.816527931059
2023,05,17419,1,0060,1,2,1,1,202302174191006012,2,1,2, ,2,37,2,2,6,12,1985,2,2,2,2,2,2,2,2,2,2,2,2,2,2,2, , , , , , , , , , , , , , , , , , , , , , , , , , , ,2,5,1,2, , , ,1,5,5,1, ,2,2,2,2,2,2,10,7,4, , , , , , , , , , ,1,418.1676295989
2023,05,17419,1,0060,1,3,1,1,202302174191006013,3,1,2, ,2,18,3,3,28,12,2004,2,2,2,2,2,2,2,2,2,2,2,2,2,2,2, , , , , , , , , , , , , , , , , , , , , , , , , , , ,2,4,2, , , , ,1,5,6,5, ,2,2,2,2,2,2,10,7,4, , , , , , , , , , ,1,459.448194092147
2023,05,17419,1,0060,1,4,1,1,202302174191006014,3,1,2, ,2,9, , , , , , , , , , , , , , , , , , , , , , , , , , , , , , , , , , , , , , , , , , , , , , , , , , , , , , , , , , , , , , , , , , , , , , , , , , , , , , ,1, 
2023,05,17419,1,0060,1,5,1,1,202302174191006015,3,1,2, ,1,7, , , , , , , , , , , , , , , , , , , , , , , , , , , , , , , , , , , , , , , , , , , , , , , , , , , , , , , , , , , , , , , , , , , , , , , , , , , , , , ,1, 
2023,05,17437,1,0024,1,1,1,1,202205174371002411,1,1,2, ,2,52,1,1,22,7,1970,1, , , , , , , , , , , , , , ,9111,9700,6, ,1,1,0,7,7,7,7,7,7,42,1, ,2,2,2,150, , , , , , , , , , , , , , ,1,5,5,2, ,2,2,2,2,2,2,10,7,1,650, , , , , , , ,650,650,1,293.443702271297
2023,05,17437,1,0024,1,3,1,1,202205174371002414,3,1,2, ,1,16,3,3,31,5,2006,2,2,2,2,2,2,2,2,2,2,2,2,2,2,2, , , , , , , , , , , , , , , , , , , , , , , , , , , ,2,8,1,2, , , ,2,5,6,5, ,2,2,2,2,2,2,10,8,4, , , , , , , , , , ,1,367.859338312359
2023,05,17437,1,0024,1,4,1,1,202205174371002415,3,1,2, ,1,14,4,4,28,8,2008,2,2,2,2,2,2,2,2,2,2,2,2,2,2,2, , , , , , , , , , , , , , , , , , , , , , , , , , , ,2,4,2, , , , ,2,5,5,2, ,2,2,2,2,2,2,10,7,4, , , , , , , , , , ,1,367.859338312359
2023,05,17437,1,0024,1,5,1,1,202205174371002412,6,1,2, ,2,70,5,1,3,6,1952,2,2,2,2,2,2,2,2,2,2,2,2,2,2,2, , , , , , , , , , , , , , , , , , , , , , , , , , , ,2,7,2, , , , ,1,5,5,1, ,1,2,1,1,1,1,10,7,4, , , , , , , , , , ,1,293.443702271297
2023,05,17437,1,0024,2,1,1,1,202205174371002421,1,1,2, ,2,42,1,1,27,11,1980,1, , , , , , , , , , , , , , ,9112,8121,2, ,1,1,0,4,4,4,4,4,0,20,1, ,2,2, , , ,400, , , , , , , , , , , , ,1,5,5,2, ,2,2,2,2,2,2,10,7,1, , ,400, , , , , ,400,400,1,377.669011048891
2023,05,17437,1,0024,2,2,1,1,202205174371002422,3,1,2, ,1,14,2,2,23,7,2008,2,2,2,2,2,2,2,2,2,2,2,2,2,2,2, , , , , , , , , , , , , , , , , , , , , , , , , , , ,2,4,2, , , , ,2,5,5,2, ,2,2,2,2,2,2,10,7,4, , , , , , , , , , ,1,367.859338312359
2023,05,17437,1,0024,2,3,1,1,202205174371002423,3,1,2, ,1,5, , , , , , , , , , , , , , , , , , , , , , , , , , , , , , , , , , , , , , , , , , , , , , , , , , , , , , , , , , , , , , , , , , , , , , , , , , , , , , ,1, 
2023,05,17437,1,0025,1,1,1,1,202205174371002511,1,1,2, ,2,43,1,1,1,12,1979,1, , , , , , , , , , , , , , ,9411,5610,2, ,1,1,6,10,10,10,10,10,10,66,1, ,2,2, , , ,1200, , , , , , , , , , , , ,1,5,6,5, ,2,2,2,2,2,2,10,7,1, , ,1200, , , , , ,1200,1200,1,377.669011048891
2023,05,17437,1,0025,1,2,1,1,202205174371002513,2,1,2, ,1,41,2,2,20,10,1981,1, , , , , , , , , , , , , , ,7212,5221,3,5,2,50,0,8,8,8,8,8,8,48,1, ,1,2,4,1800, , , , , , , , , , , , , , ,1,1,9,3, ,2,2,2,2,2,2,10,7,1,1800, , , , , , , ,1800,1800,1,377.351912808173
2023,05,17437,1,0025,1,3,1,1,202205174371002512,3,1,2, ,1,20,3,3,9,3,2003,2,2,2,2,2,2,2,2,2,2,2,2,2,2,2, , , , , , , , , , , , , , , , , , , , , , , , , , , ,1, , , , ,2,4,1,6,8,1, ,2,2,2,2,2,2,10,9,2, , , , , , , , , , ,1,367.859338312359
2023,05,17437,1,0025,1,4,1,1,202205174371002514,3,1,2, ,2,13, , , , , , , , , , , , , , , , , , , , , , , , , , , , , , , , , , , , , , , , , , , , , , , , , , , , , , , , , , , , , , , , , , , , , , , , , , , , , , ,1, 
2023,05,17437,1,0025,1,5,1,1,202205174371002515,3,1,2, ,2,11, , , , , , , , , , , , , , , , , , , , , , , , , , , , , , , , , , , , , , , , , , , , , , , , , , , , , , , , , , , , , , , , , , , , , , , , , , , , , , ,1, 
2023,05,17437,1,0026,1,1,1,1,202205174371002611,1,1,2, ,2,69,1,1,2,4,1954,2,2,2,2,2,2,2,2,2,2,2,2,2,2,2, , , , , , , , , , , , , , , , , , , , , , , , , , , ,2,5,1,2, , , ,1,6,5,2, ,2,2,2,2,2,2,10,7,4, , , , , , , , , , ,1,293.443702271297
2023,05,17437,1,0026,1,2,1,1,202205174371002612,5,1,1, ,2,25, , , , , , , , , , , , , , , , , , , , , , , , , , , , , , , , , , , , , , , , , , , , , , , , , , , , , , , , , , , , , , , , , , , , , , , , , , , , , , ,0, 
2023,05,17437,1,0026,1,3,1,1,202205174371002613,11,1,2, ,1,30,3,3,2,1,1993,1, , , , , , , , , , , , , , ,8321,4922,2, ,1,1,6,10,10,10,10,10,10,66,1, ,2,2, , , ,1500, , , , , , , , , , , , ,1,5,6,5, ,2,2,2,2,2,2,10,7,1, , ,1500, , , , , ,1500,1500,1,377.351912808173
2023,05,17437,1,0026,1,4,1,1,202205174371002614,11,1,2, ,2,7, , , , , , , , , , , , , , , , , , , , , , , , , , , , , , , , , , , , , , , , , , , , , , , , , , , , , , , , , , , , , , , , , , , , , , , , , , , , , , ,1, 
2023,05,17437,1,0027,1,1,1,1,202205174371002711,1,1,2, ,1,55,1,1,14,12,1967,1, , , , , , , , , , , , , , ,9411,5610,2, ,1,1,8,8,8,8,8,8,8,70,1, ,2,2, , , ,1000, , , , , , , , , , , , ,1,5,5,2, ,2,2,2,2,2,2,10,7,1, , ,1000, , , , , ,1000,1000,1,327.636892013706
2023,05,17437,1,0027,1,2,1,1,202205174371002712,2,1,2, ,2,53,2,2,13,8,1969,1, , , , , , , , , , , , , , ,5212,4711,2, ,1,3,6,6,6,6,6,6,6,42,1, ,1,2, , , ,800, , , , , , , , , , , , ,1,5,5,2, ,2,2,2,2,2,2,10,7,1, , ,880, , , , , ,880,880,1,293.443702271297
2023,05,17437,1,0027,1,3,1,1,202205174371002713,3,1,2, ,2,26,3,3,5,12,1996,1, , , , , , , , , , , , , , ,4419,8530,3,5,4,300,0,8,8,8,8,8,4,44,1, ,2,2,4,1100, , , , , , , , , , , , , , ,1,1,10,1, ,2,2,2,2,2,2,10,7,1,1100, , , , , , , ,1100,1100,1,377.669011048891
2023,05,17437,1,0027,1,4,1,1,202205174371002714,3,1,2, ,1,23,4,4,18,3,2000,1, , , , , , , , , , , , , , ,5211,4630,3,5,1,4,0,11,11,11,11,11,11,66,1, ,2,2,2,300,10, , , , , , , , , , , , , ,1,6,6,5, ,2,2,2,2,2,2,10,7,1,1299,300, , , , , , ,1599,1599,1,367.859338312359
2023,05,17437,1,0027,1,5,1,1,202205174371002715,3,1,2, ,1,10, , , , , , , , , , , , , , , , , , , , , , , , , , , , , , , , , , , , , , , , , , , , , , , , , , , , , , , , , , , , , , , , , , , , , , , , , , , , , , ,1, 
2023,05,17437,1,0027,1,10,1,1,2023051743710027110,3,1,2, ,2,21,10,10,24,3,2002,1, , , , , , , , , , , , , , ,5131,5610,3,5,1,3,8,8,0,8,8,8,8,62,1, ,2,2,4,900,10, , , , , , , , , , , , , ,1,5,5,2, ,2,2,2,2,2,2,10,7,1,900,300, , , , , , ,1200,1200,1,414.951643333601
2023,05,17437,1,0027,1,11,1,1,2022051743710027110,5,1,2, ,2,5, , , , , , , , , , , , , , , , , , , , , , , , , , , , , , , , , , , , , , , , , , , , , , , , , , , , , , , , , , , , , , , , , , , , , , , , , , , , , , ,1, 
2023,05,17472,1,0011,1,1,1,1,202302174721001111,1,1,2, ,1,30,1,1,7,9,1992,1, , , , , , , , , , , , , , ,8321,4922,2, ,1,1,6,12,12,12,12,12,12,78,1, ,2,2, , , ,1500, , , , , , , , , , , , ,1,6,10,4, ,2,2,2,2,2,2,10,7,1, , ,1450, , , , , ,1450,1450,1,503.040200143472
2023,05,17472,1,0011,1,2,1,1,202302174721001112,2,1,2, ,2,38,2,2,16,12,1984,2,2,2,2,2,2,2,2,2,2,2,2,2,2,2, , , , , , , , , , , , , , , , , , , , , , , , , , , ,2,5,1,2, , , ,1,6,6,5, ,2,2,2,2,2,2,10,7,4, , , , , , , , , , ,1,503.462917392442
2023,05,17472,1,0011,1,3,1,1,202302174721001113,3,1,2, ,2,19,3,99, , , , , , , , , , , , , , , , , , , , , , , , , , , , , , , , , , , , , , , , , , , , , , , , , , , , , , , , , , , , , , , , , , , , , , , , , , , , ,1,553.163640165537
2023,05,17472,1,0011,1,4,1,1,202302174721001114,3,1,2, ,1,15,4,99, , , , , , , , , , , , , , , , , , , , , , , , , , , , , , , , , , , , , , , , , , , , , , , , , , , , , , , , , , , , , , , , , , , , , , , , , , , , ,1,490.385841142836
2023,05,17472,1,0011,1,5,1,1,202302174721001115,3,1,2, ,1,2, , , , , , , , , , , , , , , , , , , , , , , , , , , , , , , , , , , , , , , , , , , , , , , , , , , , , , , , , , , , , , , , , , , , , , , , , , , , , , ,1, 
2023,05,17472,1,0012,1,1,1,1,202302174721001211,1,1,2, ,1,68,1,1,18,7,1954,2,2,2,2,2,2,2,2,2,2,2,2,2,2,2, , , , , , , , , , , , , , , , , , , , , , , , , , , ,2,6,1,2, , , ,1,1,9,3, ,2,2,2,2,2,2,10,7,4, , , , , , , , , , ,1,436.76611178792
2023,05,17472,1,0012,1,2,1,1,202302174721001212,2,1,2, ,2,63,2,2,27,5,1959,2,2,2,2,2,2,2,2,2,2,2,2,2,2,2, , , , , , , , , , , , , , , , , , , , , , , , , , , ,2,5,2, , , , ,1,1,5,3, ,2,2,2,2,2,2,10,7,4, , , , , , , , , , ,1,391.183862360423
2023,05,17472,1,0016,1,1,1,1,202302174721001611,1,1,2, ,1,67,1,99, , , , , , , , , , , , , , , , , , , , , , , , , , , , , , , , , , , , , , , , , , , , , , , , , , , , , , , , , , , , , , , , , , , , , , , , , , , , ,1,436.76611178792
2023,05,17472,1,0016,1,2,1,1,202302174721001612,2,1,2, ,2,55,2,2,23,2,1968,1, , , , , , , , , , , , , , ,2342,8510,3,2,5,1000,0,6,6,6,6,6,0,30,1, ,2,2,4,2000, , , , , , , , , , , , , , ,1,1,11,5, ,2,2,2,2,2,2,10,7,1,2000, , , , , , , ,2000,2000,1,391.183862360423
2023,05,17472,1,0016,1,3,1,1,202302174721001613,3,1,2, ,1,24,3,3,15,10,1998,1, , , , , , , , , , , , , , ,4222,8220,3,5,5,800,0,8,8,8,8,8,8,48,1, ,2,2,4,1200, , , , , , , , , , , , , , ,1,1,8,1, ,2,2,2,2,2,2,10,1,1,1200, , , , , , , ,1200,1200,1,490.385841142836
2023,05,17472,1,0016,1,4,1,1,202302174721001614,3,1,2, ,2,20,4,4,31,8,2002,2,2,2,2,2,2,2,2,2,2,2,2,2,2,2, , , , , , , , , , , , , , , , , , , , , , , , , , , ,2,5,1,1,6, , ,1,1,6,5, ,2,2,2,2,2,2,10,7,4, , , , , , , , , , ,1,553.163640165537
2023,05,17472,1,0016,1,5,1,1,202302174721001615,3,1,2, ,1,20,5,99, , , , , , , , , , , , , , , , , , , , , , , , , , , , , , , , , , , , , , , , , , , , , , , , , , , , , , , , , , , , , , , , , , , , , , , , , , , , ,1,490.385841142836
2023,05,17524,1,0042,1,1,1,1,202302175241004211,1,1,2, ,2,79,1,1,21,8,1943,2,2,2,2,2,2,2,2,2,2,2,2,2,2,2, , , , , , , , , , , , , , , , , , , , , , , , , , , ,2,5,2, , , , ,1,1,6,5, ,2,2,2,2,2,2,10,7,4, , , , , , , , , , ,1,302.227416871487
2023,05,17524,1,0043,1,1,1,1,202302175241004311,1,1,2, ,2,56,1,1,30,9,1966,1, , , , , , , , , , , , , , ,1165,8411,3,2,5,3000,0,10,10,10,10,0,0,60,2,60,2,2,4,5000, , , , ,250, ,10, , , , , , , ,1,1,11,5, ,2,2,2,2,2,2,10,7,1,5000, , , , ,250, ,10,5260,5000,1,302.227416871487
2023,05,17524,1,0043,1,2,1,1,202302175241004312,3,1,2, ,1,27,2,2,1,8,1995,1, , , , , , , , , , , , , , ,2142,4100,3,5,4,120,0,12,12,12,12,12,9,69,1, ,2,2,4,6500,800, , , , , , , , , , , , , ,1,3,11,5, ,2,2,2,2,2,2,10,7,1,6500,800, , , , , , ,7300,7300,1,388.647270249098
2023,05,17524,1,0043,1,3,1,1,202302175241004313,3,1,2, ,2,25,3,3,19,2,1998,1, , , , , , , , , , , , , , ,2611,6910,3,5,1,6,0,8,8,8,8,8,0,43,2,43,2,1,4,2200, , , , , , , , , , , , , , ,1,5,11,6, ,2,2,2,2,2,2,10,7,1,2200, , , , , , , ,2200,2200,1,388.973860260896
2023,05,17524,1,0043,1,4,1,1,202302175241004314,3,1,2, ,2,25,4,4,19,2,1998,1, , , , , , , , , , , , , , ,3432,6810,3,5,2,30,0,9,9,9,9,9,0,45,1, ,2,1,4,3500, , , , , , , , , , , , , , ,1,3,11,5, ,2,2,2,2,2,2,10,7,1,3500, , , , , , , ,3500,3500,1,388.973860260896
2023,05,17524,1,0046,1,1,1,1,202302175241004611,1,1,2, ,1,61,1,1,29,4,1962,1, , , , , , , , , , , , , , ,7411,4321,2, ,1,1,10,8,8,8,8,8,0,50,1, ,1,1, , , ,2200, , , , , , , , , , , , ,1,1,6,5, ,2,2,2,2,2,2,10,7,1, , ,2200, , , , , ,2200,2200,1,337.444118850291
2023,05,17524,1,0046,1,2,1,1,202305175241004612,2,1,2, ,2,60,2,2,6,9,1962,2,2,2,2,2,2,2,2,2,2,2,2,2,2,2, , , , , , , , , , , , , , , , , , , , , , , , , , , ,2,5,2, , , , ,2,5,8,2, ,2,2,2,2,2,2,10,7,4, , , , , , , , , , ,1,302.227416871487
2023,05,17524,1,0046,1,3,1,1,202305175241004613,7,1,2, ,2,54,3,3,31,1,1969,2,2,2,2,2,2,2,2,2,2,2,2,2,2,2, , , , , , , , , , , , , , , , , , , , , , , , , , , ,2,5,2, , , , ,1,5,6,5, ,2,2,2,2,2,2,10,7,4, , , , , , , , , , ,1,302.227416871487
2023,05,17524,1,0101,1,1,1,1,202302175241010112,1,1,2, ,2,84,1,1,27,8,1938,2,2,2,2,2,2,2,2,2,2,2,2,2,2,2, , , , , , , , , , , , , , , , , , , , , , , , , , , ,2,6,2, , , , ,1,4,4,5, ,2,2,2,2,2,2,10,7,4, , , , , , , , , , ,1,302.227416871487
2023,05,17524,1,0101,1,2,1,1,202302175241010113,3,1,2, ,2,57,2,2,30,10,1965,2,2,2,2,2,2,2,2,2,2,2,2,2,2,2, , , , , , , , , , , , , , , , , , , , , , , , , , , ,2,5,2, , , , ,1,5,10,3, ,2,2,2,2,2,2,10,7,4, , , , , , , , , , ,1,302.227416871487
2023,05,17524,1,0101,1,3,1,1,202302175241010114,3,1,2, ,2,54,3,2,19,1,1969,2,2,2,2,2,2,2,2,2,2,2,2,2,2,2, , , , , , , , , , , , , , , , , , , , , , , , , , , ,2,7,2, , , , ,1,5,9,3, ,2,2,2,2,2,2,10,7,4, , , , , , , , , , ,1,302.227416871487
2023,05,17527,1,0077,1,1,1,1,202302175271007711,1,1,2, ,2,47,1,99, , , , , , , , , , , , , , , , , , , , , , , , , , , , , , , , , , , , , , , , , , , , , , , , , , , , , , , , , , , , , , , , , , , , , , , , , , , , ,1,306.818709082123
2023,05,17527,1,0077,1,2,1,1,202302175271007714,2,1,2, ,1,49,2,99, , , , , , , , , , , , , , , , , , , , , , , , , , , , , , , , , , , , , , , , , , , , , , , , , , , , , , , , , , , , , , , , , , , , , , , , , , , , ,1,342.570406102585
2023,05,17527,1,0077,1,3,1,1,202302175271007713,3,1,2, ,1,28,3,3,6,10,1994,1, , , , , , , , , , , , , , ,9321,8292,3,4,3,100,0,8,8,8,8,8,8,48,1, ,2,2,4,1300, , , , , , , , , , , , , , ,1,1,9,3, ,2,2,2,2,2,2,10,7,1,1300, , , , , , , ,1300,1300,1,394.551410922538
2023,05,17527,1,0077,1,4,1,1,202302175271007715,3,1,2, ,2,25,4,99, , , , , , , , , , , , , , , , , , , , , , , , , , , , , , , , , , , , , , , , , , , , , , , , , , , , , , , , , , , , , , , , , , , , , , , , , , , , ,1,394.882962331263
2023,05,17527,1,0077,1,5,1,1,202302175271007716,7,1,2, ,2,49,5,99, , , , , , , , , , , , , , , , , , , , , , , , , , , , , , , , , , , , , , , , , , , , , , , , , , , , , , , , , , , , , , , , , , , , , , , , , , , , ,1,306.818709082123
2023,05,17527,1,0078,1,1,1,1,202302175271007811,1,1,2, ,1,63,1,1,10,6,1959,2,2,2,2,2,2,2,2,2,2,2,2,2,2,2, , , , , , , , , , , , , , , , , , , , , , , , , , , ,2,6,2, , , , ,1,4,9,3, ,2,2,2,2,2,2,10,2,4, , , , , , , , , , ,1,342.570406102585
2023,05,17527,1,0078,1,2,1,1,202302175271007812,2,1,2, ,2,62,2,99, , , , , , , , , , , , , , , , , , , , , , , , , , , , , , , , , , , , , , , , , , , , , , , , , , , , , , , , , , , , , , , , , , , , , , , , , , , , ,1,306.818709082123
2023,05,17527,1,0078,1,3,1,1,202302175271007813,3,1,2, ,2,32,3,99, , , , , , , , , , , , , , , , , , , , , , , , , , , , , , , , , , , , , , , , , , , , , , , , , , , , , , , , , , , , , , , , , , , , , , , , , , , , ,1,394.882962331263
2023,05,17527,1,0078,1,4,1,1,202302175271007814,5,1,2, ,1,10, , , , , , , , , , , , , , , , , , , , , , , , , , , , , , , , , , , , , , , , , , , , , , , , , , , , , , , , , , , , , , , , , , , , , , , , , , , , , , ,1, 
2023,05,17527,1,0078,1,5,1,1,202302175271007815,5,1,2, ,2,8, , , , , , , , , , , , , , , , , , , , , , , , , , , , , , , , , , , , , , , , , , , , , , , , , , , , , , , , , , , , , , , , , , , , , , , , , , , , , , ,1, 
2023,05,17527,1,0079,1,1,1,1,202302175271007911,1,1,2, ,1,88,1,1,18,3,1935,2,2,2,2,2,2,2,2,2,2,2,2,2,2,2, , , , , , , , , , , , , , , , , , , , , , , , , , , ,2,6,2, , , , ,1,4,9,3, ,2,2,2,2,2,2,10,7,4, , , , , , , , , , ,1,342.570406102585
2023,05,17527,1,0079,1,2,1,1,202302175271007912,2,1,2, ,2,82,2,2,11,12,1940,2,2,2,2,2,2,2,2,2,2,2,2,2,2,2, , , , , , , , , , , , , , , , , , , , , , , , , , , ,2,5,2, , , , ,1,4,4,5, ,2,2,2,2,2,2,10,7,4, , , , , , , , , , ,1,306.818709082123
2023,05,17527,1,0080,1,1,1,1,202302175271008011,1,1,2, ,1,53,1,1,6,7,1969,1, , , , , , , , , , , , , , ,3431,7420,2, ,1,1,0,0,0,0,0,0,4,8,2,8,2,2, , , ,1300, , , , , , , , , , , , ,1,5,6,5, ,2,2,2,2,2,2,10,7,1, , ,1235, , , , , ,1235,1235,1,342.570406102585
2023,05,17532,1,0089,1,1,1,1,202305175321008911,1,1,2, ,2,60,1,1,29,7,1962,1, , , , , , , , , , , , , , ,7515,1079,1, ,1,3,0,8,8,8,8,8,8,48,1, ,2,2, , , ,1000,20, , , , , , , , , , , ,1,6,6,5, ,2,2,2,2,2,2,10,7,1, , ,3996,20, , , , ,4016,4016,1,357.581985064073
2023,05,17532,1,0089,1,2,1,1,202305175321008912,3,1,2, ,2,33,2,99, , , , , , , , , , , , , , , , , , , , , , , , , , , , , , , , , , , , , , , , , , , , , , , , , , , , , , , , , , , , , , , , , , , , , , , , , , , , ,1,460.216503618102
2023,05,17532,1,0089,1,3,1,1,202305175321008913,3,1,2, ,2,30,3,99, , , , , , , , , , , , , , , , , , , , , , , , , , , , , , , , , , , , , , , , , , , , , , , , , , , , , , , , , , , , , , , , , , , , , , , , , , , , ,1,460.216503618102
2023,05,17532,1,0090,1,1,1,1,202305175321009011,1,1,2, ,1,92,1,2,18,7,1930,2,2,2,2,2,2,2,2,2,2,2,2,2,2,2, , , , , , , , , , , , , , , , , , , , , , , , , , , ,2,6,2, , , , ,1,4,4,5, ,2,2,2,1,2,2,10,7,4, , , , , , , , , , ,1,399.248814405188
2023,05,17532,1,0090,1,2,1,1,202305175321009012,3,1,2, ,2,61,2,2,26,9,1961,2,2,2,2,2,2,2,2,2,2,2,2,2,2,2, , , , , , , , , , , , , , , , , , , , , , , , , , , ,2,5,1,2, , , ,1,5,6,5, ,2,2,2,2,2,2,10,7,4, , , , , , , , , , ,1,357.581985064073
2023,05,17532,1,0090,1,3,1,1,202305175321009013,3,1,2, ,1,48,3,3,31,12,1974,1, , , , , , , , , , , , , , ,5414,8010,3,4,1,3,12,12,12,12,0,12,12,72,1, ,2,2,4,1650, , , , , , , , , , , , , , ,1,1,6,5, ,2,2,2,2,2,2,10,7,1,1650, , , , , , , ,1650,1650,1,399.248814405188
2023,05,17532,1,0091,1,1,1,1,202305175321009111,1,1,2, ,1,44,1,2,9,5,1978,2,2,2,2,2,2,2,2,2,2,2,2,2,2,2, , , , , , , , , , , , , , , , , , , , , , , , , , , ,2,5,1,1,9, , ,1,6,9,3, ,2,2,2,2,2,2,10,7,3, , , , , , , , , , ,1,459.830096898521
2023,05,17532,1,0091,1,2,1,1,202305175321009112,2,1,2, ,2,41,2,2,2,12,1981,2,2,2,2,2,2,2,2,2,2,2,2,2,2,2, , , , , , , , , , , , , , , , , , , , , , , , , , , ,2,5,1,2, , , ,1,6,10,1, ,2,2,2,2,2,2,10,7,4, , , , , , , , , , ,1,460.216503618102
2023,05,17532,1,0091,1,3,1,1,202305175321009113,3,1,2, ,2,23,3,3,25,3,2000,2,2,2,2,2,2,2,2,2,2,2,2,2,2,2, , , , , , , , , , , , , , , , , , , , , , , , , , , ,2,4,1,2, , , ,2,6,10,1, ,2,2,2,2,2,2,10,7,4, , , , , , , , , , ,1,505.648038040521
2023,05,17532,1,0091,1,4,1,1,202305175321009114,3,1,2, ,1,15,4,2,2,9,2007,2,2,2,2,2,2,2,2,2,2,2,2,2,2,2, , , , , , , , , , , , , , , , , , , , , , , , , , , ,2,4,2, , , , ,2,6,5,3, ,2,2,2,2,2,2,10,7,4, , , , , , , , , , ,1,448.262720923815
2023,05,17532,1,0091,1,5,1,1,202305175321009115,3,1,2, ,2,5, , , , , , , , , , , , , , , , , , , , , , , , , , , , , , , , , , , , , , , , , , , , , , , , , , , , , , , , , , , , , , , , , , , , , , , , , , , , , , ,1, 
2023,05,17532,1,0092,1,1,1,1,202305175321009211,1,1,2, ,1,76,1,1,26,1,1947,2,2,2,2,2,2,2,2,2,2,2,2,2,2,2, , , , , , , , , , , , , , , , , , , , , , , , , , , ,2,6,2, , , , ,1,1,3,4, ,2,2,2,2,2,2,10,7,4, , , , , , , , , , ,1,399.248814405188
2023,05,17532,1,0092,1,2,1,1,202305175321009212,3,1,2, ,2,49,2,2,9,10,1973,1, , , , , , , , , , , , , , ,9111,9700,6, ,1,1,0,9,9,9,9,9,7,52,1, ,2,1,4,650, , , , , , , , , , , , , , ,1,5,5,3, ,2,2,2,2,2,2,10,7,1,650, , , , , , , ,650,650,1,357.581985064073
2023,05,17532,1,0092,1,3,1,1,202305175321009213,3,1,2, ,2,44,3,3,5,12,1978,1, , , , , , , , , , , , , , ,5212,4711,2, ,1,3,6,6,6,6,6,6,6,42,1, ,1,2, , , ,150,30, , , , , , , , , , , ,1,1,6,5, ,2,2,2,2,2,2,10,9,1, , ,327,10, , , , ,337,337,1,460.216503618102
2023,05,17532,1,0092,1,4,1,1,202305175321009214,5,1,2, ,1,13, , , , , , , , , , , , , , , , , , , , , , , , , , , , , , , , , , , , , , , , , , , , , , , , , , , , , , , , , , , , , , , , , , , , , , , , , , , , , , ,1, 
2023,05,17532,1,0092,1,5,1,1,202305175321009215,5,1,2, ,2,9, , , , , , , , , , , , , , , , , , , , , , , , , , , , , , , , , , , , , , , , , , , , , , , , , , , , , , , , , , , , , , , , , , , , , , , , , , , , , , ,1, 
2023,05,17532,1,0092,1,6,1,1,202305175321009216,5,1,2, ,2,20,6,6,12,3,2003,1, , , , , , , , , , , , , , ,5212,4761,3,5,1,2,0,7,7,7,7,7,0,35,1, ,1,2,2,150, , , , , , , , , , , , , , ,2,5,8,2, ,2,2,2,2,2,2,10,7,1,650, , , , , , , ,650,650,1,505.648038040521
2023,05,17532,1,0092,1,7,1,1,202305175321009217,8,1,2, ,2,3, , , , , , , , , , , , , , , , , , , , , , , , , , , , , , , , , , , , , , , , , , , , , , , , , , , , , , , , , , , , , , , , , , , , , , , , , , , , , , ,1, 
2023,05,17532,1,0092,1,8,1,1,202305175321009218,8,1,2, ,1, , , , , , , , , , , , , , , , , , , , , , , , , , , , , , , , , , , , , , , , , , , , , , , , , , , , , , , , , , , , , , , , , , , , , , , , , , , , , , , ,1, 
2023,05,17535,1,0009,1,1,1,1,202305175351000911,1,1,2, ,1,55,1,1,1,5,1968,1, , , , , , , , , , , , , , ,8322,4922,2, ,1,1,0,8,8,8,8,8,8,74,1, ,1,2, , , ,2800, , ,400, , , , , , , , , ,1,1,9,3, ,2,2,2,2,2,2,10,7,1, , ,3200, , ,400, , ,3600,3200,1,388.96019028933
2023,05,17535,1,0009,1,2,1,1,202305175351000912,2,1,2, ,2,58,2,2,7,7,1964,1, , , , , , , , , , , , , , ,9533,4799,2, ,1,1,1,1,1,1,1,1,1,27,2,27,2,1, , , ,150,80, , , , , , , , , , , ,1,1,9,3, ,2,2,2,2,2,2,10,7,1, , ,200,80, , , , ,280,280,1,348.3671132794
2023,05,17535,1,0010,1,1,1,1,202305175351001011,1,1,2, ,1,34,1,1,19,5,1988,1, , , , , , , , , , , , , , ,7113,4330,3,5,1,2,0,0,0,0,0,0,6,48,2,48,2,2,2,320, , , , , , , , , , , , , , ,1,5,8,1, ,2,2,2,2,2,2,10,7,1,1386, , , , , , , ,1386,1386,1,447.980295838508
2023,05,17535,1,0010,1,2,1,1,202305175351001012,6,1,2, ,2,68,2,1,26,8,1954,2,2,2,2,2,2,2,2,2,2,2,2,2,2,2, , , , , , , , , , , , , , , , , , , , , , , , , , , ,2,7,2, , , , ,1,5,3,3, ,2,2,2,2,2,2,1,1,4, , , , , , , , , , ,1,348.3671132794
2023,05,17535,1,0011,1,1,1,1,202305175351001111,1,1,2, ,1,57,1,99, , , , , , , , , , , , , , , , , , , , , , , , , , , , , , , , , , , , , , , , , , , , , , , , , , , , , , , , , , , , , , , , , , , , , , , , , , , , ,1,388.96019028933
2023,05,17535,1,0011,1,2,1,1,202305175351001112,2,1,2, ,2,47,2,2,31,5,1975,2,2,2,2,2,2,2,2,2,2,2,2,2,2,2, , , , , , , , , , , , , , , , , , , , , , , , , , , ,2,5,2, , , , ,1,5,3, ,1,2,2,2,2,2,2,1,7,4, , , , , , , , , , ,1,348.3671132794
